100 19
101 6
103 2
105 4
106 22
107 12
111 6
112 11
113 5
114 3
117 15
118 17
119 7
120 13
122 4
123 7
124 21
125 4
126 8
128 17
129 10
130 19
131 9
132 6
135 9
136 1
137 1
140 10
141 9
142 17
143 7
146 11
147 9
148 2
149 10
152 14
154 5
155 7
158 24
159 7
160 2
161 10
163 5
164 35
165 6
166 9
169 2
170 5
172 21
174 3
175 15
176 8
177 3
178 4
180 2
181 12
182 2
183 8
184 11
186 5
187 14
188 11
189 13
190 7
192 1
193 5
194 1
195 7
196 9
197 1
198 4
199 8
200 7
201 11
203 4
204 15
205 4
206 4
207 2
209 12
210 3
211 17
212 2
213 9
215 8
216 3
217 4
218 8
219 11
221 11
222 9
223 1
224 5
225 11
226 3
227 5
228 10
229 8
232 21
233 7
234 15
235 1
236 8
237 15
238 10
239 15
240 31
241 13
242 18
243 3
244 22
245 21
246 39
247 7
248 22
249 13
250 19
251 20
252 44
253 889
254 49
255 38764
37 24016
38 37
39 24
40 2
41 59
43 7
44 7
45 24
46 14
47 23
49 1
50 6
51 15
52 14
53 39
55 9
56 20
57 10
58 13
59 42
61 2
62 1
63 2
64 4
65 35
67 5
68 1
69 15
70 11
71 16
73 1
74 7
75 6
76 15
77 22
79 1
81 22
82 29
83 3
85 2
87 6
88 11
89 10
91 5
93 4
94 12
95 6
97 8
