0 1 2 3 4 5 0 1 2 3 4 5 0 10 1 2 3 4 5 0 1 2 3 4 5 0 10 1 2 3 4 5 0 1 2 3 4 5 0 14 5 0 14 5 0 14 5 05 0 10
0 1 2 3 4 5 0 1 2 3 4 5 0 10 1 2 3 4 5 0 1 2 3 4 5 0 10 1 2 3 4 5 0 1 2 3 4 5 0 14 5 0 14 5 0 14 5 05 0 10
0 1 2 3 4 5 0 1 2 3 4 5 0 10 1 2 3 4 5 0 1 2 3 4 5 0 10 1 2 3 4 5 0 1 2 3 4 5 0 14 5 0 14 5 0 14 5 05 0 10
0 1 2 3 4 5 0 1 2 3 4 5 0 10 1 2 3 4 5 0 1 2 3 4 5 0 10 1 2 3 4 5 0 1 2 3 4 5 0 14 5 0 14 5 0 14 5 05 0 10
0 1 2 3 4 5 0 1 2 3 4 5 0 10 1 2 3 4 5 0 1 2 3 4 5 0 10 1 2 3 4 5 0 1 2 3 4 5 0 14 5 0 14 5 0 14 5 05 0 10
0 1 2 3 4 5 0 1 2 3 4 5 0 10 1 2 3 4 5 0 1 2 3 4 5 0 10 1 2 3 4 5 0 1 2 3 4 5 0 14 5 0 14 5 0 14 5 05 0 10
0 1 2 3 4 5 0 1 2 3 4 5 0 10 1 2 3 4 5 0 1 2 3 4 5 0 10 1 2 3 4 5 0 1 2 3 4 5 0 14 5 0 14 5 0 14 5 05 0 10
0 1 2 3 4 5 0 1 2 3 4 5 0 10 1 2 3 4 5 0 1 2 3 4 5 0 10 1 2 3 4 5 0 1 2 3 4 5 0 14 5 0 14 5 0 14 5 05 0 10
0 1 2 3 4 5 0 1 2 3 4 5 0 10 1 2 3 4 5 0 1 2 3 4 5 0 10 1 2 3 4 5 0 1 2 3 4 5 0 14 5 0 14 5 0 14 5 05 0 10
0 1 2 3 4 5 0 1 2 3 4 5 0 10 1 2 3 4 5 0 1 2 3 4 5 0 10 1 2 3 4 5 0 1 2 3 4 5 0 14 5 0 14 5 0 14 5 05 0 10
0 1 2 3 4 5 0 1 2 3 4 5 0 10 1 2 3 4 5 0 1 2 3 4 5 0 10 1 2 3 4 5 0 1 2 3 4 5 0 14 5 0 14 5 0 14 5 05 0 10
0 1 2 3 4 5 0 1 2 3 4 5 0 10 1 2 3 4 5 0 1 2 3 4 5 0 10 1 2 3 4 5 0 1 2 3 4 5 0 14 5 0 14 5 0 14 5 05 0 10
0 1 2 3 4 5 0 1 2 3 4 5 0 10 1 2 3 4 5 0 1 2 3 4 5 0 10 1 2 3 4 5 0 1 2 3 4 5 0 14 5 0 14 5 0 14 5 05 0 10
0 1 2 3 4 5 0 1 2 3 4 5 0 10 1 2 3 4 5 0 1 2 3 4 5 0 10 1 2 3 4 5 0 1 2 3 4 5 0 14 5 0 14 5 0 14 5 05 0 10
0 1 2 3 4 5 0 1 2 3 4 5 0 10 1 2 3 4 5 0 1 2 3 4 5 0 10 1 2 3 4 5 0 1 2 3 4 5 0 14 5 0 14 5 0 14 5 05 0 10
0 1 2 3 4 5 0 1 2 3 4 5 0 10 1 2 3 4 5 0 1 2 3 4 5 0 10 1 2 3 4 5 0 1 2 3 4 5 0 14 5 0 14 5 0 14 5 05 0 10
0 1 2 3 4 5 0 1 2 3 4 5 0 10 1 2 3 4 5 0 1 2 3 4 5 0 10 1 2 3 4 5 0 1 2 3 4 5 0 14 5 0 14 5 0 14 5 05 0 10
0 1 2 3 4 5 0 1 2 3 4 5 0 10 1 2 3 4 5 0 1 2 3 4 5 0 10 1 2 3 4 5 0 1 2 3 4 5 0 14 5 0 14 5 0 14 5 05 0 10
0 1 2 3 4 5 0 1 2 3 4 5 0 10 1 2 3 4 5 0 1 2 3 4 5 0 10 1 2 3 4 5 0 1 2 3 4 5 0 14 5 0 14 5 0 14 5 05 0 10
0 1 2 3 4 5 0 1 2 3 4 5 0 10 1 2 3 4 5 0 1 2 3 4 5 0 10 1 2 3 4 5 0 1 2 3 4 5 0 14 5 0 14 5 0 14 5 05 0 10
0 1 2 3 4 5 0 1 2 3 4 5 0 10 1 2 3 4 5 0 1 2 3 4 5 0 10 1 2 3 4 5 0 1 2 3 4 5 0 14 5 0 14 5 0 14 5 05 0 10
0 1 2 3 4 5 0 1 2 3 4 5 0 10 1 2 3 4 5 0 1 2 3 4 5 0 10 1 2 3 4 5 0 1 2 3 4 5 0 14 5 0 14 5 0 14 5 05 0 10
0 1 2 3 4 5 0 1 2 3 4 5 0 10 1 2 3 4 5 0 1 2 3 4 5 0 10 1 2 3 4 5 0 1 2 3 4 5 0 14 5 0 14 5 0 14 5 05 0 10
0 1 2 3 4 5 0 1 2 3 4 5 0 10 1 2 3 4 5 0 1 2 3 4 5 0 10 1 2 3 4 5 0 1 2 3 4 5 0 14 5 0 14 5 0 14 5 05 0 10
0 1 2 3 4 5 0 1 2 3 4 5 0 10 1 2 3 4 5 0 1 2 3 4 5 0 10 1 2 3 4 5 0 1 2 3 4 5 0 14 5 0 14 5 0 14 5 05 0 10
0 1 2 3 4 5 0 1 2 3 4 5 0 10 1 2 3 4 5 0 1 2 3 4 5 0 10 1 2 3 4 5 0 1 2 3 4 5 0 14 5 0 14 5 0 14 5 05 0 10
0 1 2 3 4 5 0 1 2 3 4 5 0 10 1 2 3 4 5 0 1 2 3 4 5 0 10 1 2 3 4 5 0 1 2 3 4 5 0 14 5 0 14 5 0 14 5 05 0 10
0 1 2 3 4 5 0 1 2 3 4 5 0 10 1 2 3 4 5 0 1 2 3 4 5 0 10 1 2 3 4 5 0 1 2 3 4 5 0 14 5 0 14 5 0 14 5 05 0 10
0 1 2 3 4 5 0 1 2 3 4 5 0 10 1 2 3 4 5 0 1 2 3 4 5 0 10 1 2 3 4 5 0 1 2 3 4 5 0 14 5 0 14 5 0 14 5 05 0 10
0 1 2 3 4 5 0 1 2 3 4 5 0 10 1 2 3 4 5 0 1 2 3 4 5 0 10 1 2 3 4 5 0 1 2 3 4 5 0 14 5 0 14 5 0 14 5 05 0 10
0 1 2 3 4 5 0 1 2 3 4 5 0 10 1 2 3 4 5 0 1 2 3 4 5 0 10 1 2 3 4 5 0 1 2 3 4 5 0 14 5 0 14 5 0 14 5 05 0 10
0 1 2 3 4 5 0 1 2 3 4 5 0 10 1 2 3 4 5 0 1 2 3 4 5 0 10 1 2 3 4 5 0 1 2 3 4 5 0 14 5 0 14 5 0 14 5 05 0 10
0 1 2 3 4 5 0 1 2 3 4 5 0 10 1 2 3 4 5 0 1 2 3 4 5 0 10 1 2 3 4 5 0 1 2 3 4 5 0 14 5 0 14 5 0 14 5 05 0 10
0 1 2 3 4 5 0 1 2 3 4 5 0 10 1 2 3 4 5 0 1 2 3 4 5 0 10 1 2 3 4 5 0 1 2 3 4 5 0 14 5 0 14 5 0 14 5 05 0 10
0 1 2 3 4 5 0 1 2 3 4 5 0 10 1 2 3 4 5 0 1 2 3 4 5 0 10 1 2 3 4 5 0 1 2 3 4 5 0 14 5 0 14 5 0 14 5 05 0 10
0 1 2 3 4 5 0 1 2 3 4 5 0 10 1 2 3 4 5 0 1 2 3 4 5 0 10 1 2 3 4 5 0 1 2 3 4 5 0 14 5 0 14 5 0 14 5 05 0 10
0 1 2 3 4 5 0 1 2 3 4 5 0 10 1 2 3 4 5 0 1 2 3 4 5 0 10 1 2 3 4 5 0 1 2 3 4 5 0 14 5 0 14 5 0 14 5 05 0 10
0 1 2 3 4 5 0 1 2 3 4 5 0 10 1 2 3 4 5 0 1 2 3 4 5 0 10 1 2 3 4 5 0 1 2 3 4 5 0 14 5 0 14 5 0 14 5 05 0 10
0 1 2 3 4 5 0 1 2 3 4 5 0 10 1 2 3 4 5 0 1 2 3 4 5 0 10 1 2 3 4 5 0 1 2 3 4 5 0 14 5 0 14 5 0 14 5 05 0 10
0 1 2 3 4 5 0 1 2 3 4 5 0 10 1 2 3 4 5 0 1 2 3 4 5 0 10 1 2 3 4 5 0 1 2 3 4 5 0 14 5 0 14 5 0 14 5 05 0 10
0 1 2 3 4 5 0 1 2 3 4 5 0 10 1 2 3 4 5 0 1 2 3 4 5 0 10 1 2 3 4 5 0 1 2 3 4 5 0 14 5 0 14 5 0 14 5 05 0 10
0 1 2 3 4 5 0 1 2 3 4 5 0 10 1 2 3 4 5 0 1 2 3 4 5 0 10 1 2 3 4 5 0 1 2 3 4 5 0 14 5 0 14 5 0 14 5 05 0 10
0 1 2 3 4 5 0 1 2 3 4 5 0 10 1 2 3 4 5 0 1 2 3 4 5 0 10 1 2 3 4 5 0 1 2 3 4 5 0 14 5 0 14 5 0 14 5 05 0 10
0 1 2 3 4 5 0 1 2 3 4 5 0 10 1 2 3 4 5 0 1 2 3 4 5 0 10 1 2 3 4 5 0 1 2 3 4 5 0 14 5 0 14 5 0 14 5 05 0 10
0 1 2 3 4 5 0 1 2 3 4 5 0 10 1 2 3 4 5 0 1 2 3 4 5 0 10 1 2 3 4 5 0 1 2 3 4 5 0 14 5 0 14 5 0 14 5 05 0 10
0 1 2 3 4 5 0 1 2 3 4 5 0 10 1 2 3 4 5 0 1 2 3 4 5 0 10 1 2 3 4 5 0 1 2 3 4 5 0 14 5 0 14 5 0 14 5 05 0 10
0 1 2 3 4 5 0 1 2 3 4 5 0 10 1 2 3 4 5 0 1 2 3 4 5 0 10 1 2 3 4 5 0 1 2 3 4 5 0 14 5 0 14 5 0 14 5 05 0 10
0 1 2 3 4 5 0 1 2 3 4 5 0 10 1 2 3 4 5 0 1 2 3 4 5 0 10 1 2 3 4 5 0 1 2 3 4 5 0 14 5 0 14 5 0 14 5 05 0 10
0 1 2 3 4 5 0 1 2 3 4 5 0 10 1 2 3 4 5 0 1 2 3 4 5 0 10 1 2 3 4 5 0 1 2 3 4 5 0 14 5 0 14 5 0 14 5 05 0 10
0 1 2 3 4 5 0 1 2 3 4 5 0 10 1 2 3 4 5 0 1 2 3 4 5 0 10 1 2 3 4 5 0 1 2 3 4 5 0 14 5 0 14 5 0 14 5 05 0 10