00000111112222233333444440000011111222223333344444
00000111112222233333444440000011111222223333344444
00000111112222233333444440000011111222223333344444
00000111112222233333444440000011111222223333344444
00000111112222233333444440000011111222223333344444
00000111112222233333444440000011111222223333344444
00000111112222233333444440000011111222223333344444
00000111112222233333444440000011111222223333344444
00000111112222233333444440000011111222223333344444
00000111112222233333444440000011111222223333344444
00000111112222233333444440000011111222223333344444
00000111112222233333444440000011111222223333344444
00000111112222233333444440000011111222223333344444
00000111112222233333444440000011111222223333344444
00000111112222233333444440000011111222223333344444
00000111112222233333444440000011111222223333344444
00000111112222233333444440000011111222223333344444
00000111112222233333444440000011111222223333344444
00000111112222233333444440000011111222223333344444
00000111112222233333444440000011111222223333344444
00000111112222233333444440000011111222223333344444
00000111112222233333444440000011111222223333344444
00000111112222233333444440000011111222223333344444
00000111112222233333444440000011111222223333344444
00000111112222233333444440000011111222223333344444
00000111112222233333444440000011111222223333344444
00000111112222233333444440000011111222223333344444
00000111112222233333444440000011111222223333344444
00000111112222233333444440000011111222223333344444
00000111112222233333444440000011111222223333344444
00000111112222233333444440000011111222223333344444
00000111112222233333444440000011111222223333344444
00000111112222233333444440000011111222223333344444
00000111112222233333444440000011111222223333344444
00000111112222233333444440000011111222223333344444
00000111112222233333444440000011111222223333344444
00000111112222233333444440000011111222223333344444
00000111112222233333444440000011111222223333344444
00000111112222233333444440000011111222223333344444
00000111112222233333444440000011111222223333344444
00000111112222233333444440000011111222223333344444
00000111112222233333444440000011111222223333344444
00000111112222233333444440000011111222223333344444
00000111112222233333444440000011111222223333344444
00000111112222233333444440000011111222223333344444
00000111112222233333444440000011111222223333344444
00000111112222233333444440000011111222223333344444
00000111112222233333444440000011111222223333344444
00000111112222233333444440000011111222223333344444
00000111112222233333444440000011111222223333344444